5391,8260,5391,8216,5357,8216,5357,8260
5391,7919,5391,7873,5356,7873,5356,7919
5392,7804,5392,7757,5357,7757,5357,7804
5390,8144,5390,8101,5356,8101,5356,8144
5391,8493,5391,8447,5357,8447,5357,8493
5392,8377,5392,8332,5357,8333,5357,8377
5392,8608,5392,8563,5357,8563,5357,8608
4349,8153,4349,8127,4315,8127,4315,8153
4349,8126,4349,8103,4315,8103,4315,8126
4351,8360,4351,8334,4317,8334,4317,8360
4350,8032,4350,7988,4316,7988,4316,8032
4349,7806,4349,7783,4314,7783,4314,7806
4351,8383,4351,8360,4317,8361,4317,8383
4352,8612,4352,8565,4317,8565,4317,8612
4349,7783,4349,7755,4315,7755,4315,7783
4725,5032,4696,5032,4696,5072,4725,5072
6513,1566,6462,1566,6462,1628,6513,1628
5004,1584,4960,1584,4960,1639,5004,1639
5355,1596,5311,1596,5311,1629,5355,1629
6049,2555,6018,2555,6018,2600,6049,2600
6647,6597,6616,6597,6616,6643,6647,6643
1593,1413,1524,1413,1524,1444,1593,1444
7143,5172,7093,5172,7093,5204,7143,5204
1958,5600,1931,5600,1931,5640,1958,5640
2409,5793,2379,5793,2379,5833,2409,5833
3634,6072,3620,6072,3620,6225,3634,6225
5358,3551,5314,3551,5314,3586,5358,3586
6748,7917,6748,7873,6713,7873,6713,7917
6748,8611,6748,8565,6712,8565,6712,8611
4944,3923,4900,3923,4900,3977,4944,3977
3114,8156,3114,8108,3077,8108,3077,8156
3114,8735,3114,8688,3080,8688,3080,8735
3113,8271,3113,8224,3078,8224,3078,8271
861,8154,861,8109,827,8109,827,8154
861,8224,827,8224,827,8249,861,8249
861,8275,861,8249,826,8249,826,8275
862,8507,862,8461,827,8461,827,8507
862,8740,862,8692,827,8692,827,8740
2015,6663,1970,6663,1970,6693,2015,6693
8565,7876,8554,7876,8554,7934,8565,7934
1369,7927,1369,7901,1333,7901,1333,7927
1369,8133,1369,8108,1334,8108,1334,8133
1371,8389,1371,8366,1336,8366,1336,8389
1369,7900,1369,7877,1333,7877,1333,7900
1369,7807,1369,7760,1334,7760,1334,7807
1370,8159,1370,8134,1335,8134,1335,8159
1372,8364,1372,8339,1334,8339,1334,8364
1371,8622,1371,8577,1335,8577,1335,8622
1272,8155,1272,8108,1237,8108,1237,8155
1274,8269,1274,8223,1237,8224,1237,8269
1273,8384,1273,8340,1237,8340,1237,8384
1272,8733,1272,8688,1237,8688,1237,8733
1273,8506,1273,8458,1237,8458,1237,8507
5558,9478,5506,9478,5506,9508,5558,9508
6264,5047,6234,5047,6234,5087,6264,5087
1548,3755,1478,3755,1478,3784,1548,3784
5459,3385,5401,3385,5401,3414,5459,3414
5491,8731,5491,8682,5454,8682,5454,8731
5586,3744,5558,3744,5558,3792,5586,3792
4203,7783,4203,7755,4170,7755,4170,7783
4204,8127,4204,8103,4169,8103,4169,8127
4206,8496,4206,8449,4171,8449,4171,8497
4206,8381,4206,8335,4171,8335,4171,8381
4206,8612,4206,8565,4171,8565,4171,8612
4203,7806,4203,7783,4169,7783,4169,7806
4204,7922,4204,7877,4169,7877,4169,7922
4204,8154,4204,8127,4169,8127,4169,8154
3430,2981,3416,2981,3416,3069,3430,3069
6708,6972,6693,6972,6693,7058,6708,7058
5052,8382,5052,8338,5016,8338,5016,8382
5051,8499,5051,8452,5018,8452,5018,8499
5051,8029,5051,7986,5015,7986,5015,8029
5050,7915,5050,7870,5017,7870,5017,7915
4912,4082,4878,4082,4878,4142,4912,4142
2619,232,2573,232,2573,640,2619,640
1548,4139,1480,4139,1480,4167,1548,4167
3914,8496,3914,8450,3879,8450,3879,8496
3913,8379,3913,8335,3879,8335,3879,8380
3914,8612,3914,8566,3879,8566,3879,8612
3915,8727,3915,8684,3880,8684,3880,8728
3913,8147,3913,8104,3878,8104,3878,8147
3753,1227,3724,1227,3724,1267,3753,1267
4941,1966,4897,1966,4897,2021,4941,2021
4448,8383,4448,8359,4413,8359,4413,8383
4448,8153,4448,8125,4412,8125,4412,8153
4447,7781,4447,7755,4412,7755,4412,7781
4448,8124,4448,8103,4413,8103,4413,8124
4449,8616,4449,8571,4414,8571,4414,8616
4447,8358,4447,8334,4413,8334,4413,8358
4448,8031,4448,7987,4412,7987,4412,8031
4446,7806,4446,7782,4412,7782,4412,7806
1756,5308,1727,5308,1727,5354,1756,5354
4155,7804,4155,7755,4120,7755,4120,7804
4156,8128,4156,8103,4122,8103,4122,8128
4158,8616,4158,8571,4122,8571,4122,8616
4157,8362,4157,8335,4122,8335,4122,8362
4155,8032,4155,7988,4120,7988,4120,8032
4157,8383,4157,8363,4122,8363,4122,8383
4155,7916,4155,7872,4121,7872,4121,7916
4156,8154,4156,8128,4121,8128,4121,8154
2753,2540,2739,2540,2739,2693,2753,2693
6920,5473,6908,5473,6908,5552,6920,5552
2755,3733,2741,3733,2741,3886,2755,3886
6920,226,6873,226,6873,631,6920,631
2608,8731,2608,8686,2572,8686,2572,8731
2607,8266,2607,8221,2572,8221,2572,8266
7740,8257,7740,8212,7704,8212,7704,8257
7740,8373,7740,8329,7705,8329,7705,8373
7739,8031,7739,7984,7703,7984,7703,8031
7740,8721,7740,8677,7706,8677,7706,8721
4165,6443,4136,6443,4136,6488,4165,6488
3587,4970,3558,4970,3558,5040,3587,5040
1291,237,1244,237,1244,644,1291,644
8627,8796,8613,8796,8613,8852,8627,8852
4686,7253,4673,7253,4673,7375,4686,7375
2316,8620,2316,8574,2280,8574,2280,8620
2314,7925,2314,7880,2279,7880,2279,7925
2316,8500,2316,8452,2281,8452,2281,8500
2315,7810,2315,7764,2278,7764,2278,7810
1516,8159,1516,8135,1482,8135,1482,8159
1517,8621,1517,8577,1481,8577,1481,8622
1516,8133,1516,8108,1482,8108,1482,8133
1515,7920,1515,7876,1480,7876,1480,7920
1515,7807,1515,7760,1479,7760,1479,7807
1517,8388,1517,8345,1479,8345,1479,8389
1518,8274,1518,8228,1481,8228,1481,8274
1515,8036,1515,7992,1482,7992,1482,8036
1584,4139,1564,4139,1564,4167,1584,4167
2182,7014,2154,7014,2154,7056,2182,7056
5200,6001,5172,6001,5172,6041,5200,6041
4001,6015,3970,6015,3970,6064,4001,6064
3961,8154,3961,8125,3926,8125,3926,8154
3963,8384,3963,8338,3927,8338,3927,8384
3962,8269,3962,8222,3927,8222,3927,8269
3960,8031,3960,7988,3927,7988,3927,8031
3963,8611,3963,8566,3928,8566,3928,8611
3961,8125,3961,8104,3926,8104,3926,8125
3961,7914,3961,7872,3925,7872,3925,7914
3959,7804,3959,7756,3925,7756,3925,7804
1175,8733,1175,8689,1140,8689,1140,8733
1176,8275,1176,8228,1140,8228,1140,8275
5996,8027,5996,7985,5960,7985,5960,8027
5997,8259,5997,8215,5960,8215,5960,8259
5996,7802,5996,7757,5961,7757,5961,7803
5997,8491,5997,8446,5960,8446,5960,8491
5997,8376,5997,8331,5960,8331,5960,8376
5997,8608,5997,8562,5961,8562,5961,8608
5997,8142,5997,8100,5960,8100,5960,8142
5770,4980,5740,4980,5740,5024,5770,5024
2021,8037,2021,7992,1986,7992,1986,8037
2022,8268,2022,8222,1987,8222,1987,8268
2022,8152,2022,8107,1987,8107,1987,8152
2023,7810,2023,7785,1986,7785,1986,7810
2023,8500,2023,8453,1988,8453,1988,8500
2023,7785,2023,7759,1986,7759,1986,7785
2022,8616,2022,8569,1988,8569,1988,8616
2023,8384,2023,8338,1988,8338,1988,8384
5344,8926,5344,8900,5309,8900,5309,8926
5343,8151,5343,8104,5307,8104,5307,8151
5344,8725,5344,8681,5309,8681,5309,8725
7837,8099,7802,8099,7802,8147,7837,8147
7837,8262,7837,8215,7802,8216,7802,8262
5148,8036,5148,7988,5112,7988,5112,8036
5150,8726,5150,8682,5115,8682,5115,8727
5148,8261,5148,8217,5114,8217,5114,8261
1854,8038,1854,7992,1820,7992,1820,8038
1856,8618,1856,8569,1821,8569,1821,8618
1855,7810,1855,7785,1820,7785,1820,7811
1855,8365,1855,8339,1820,8339,1820,8365
1854,8388,1854,8367,1820,8367,1820,8388
7282,8377,7282,8331,7246,8331,7246,8377
7282,7891,7282,7866,7247,7867,7247,7891
7282,8495,7282,8447,7247,8447,7247,8495
7282,7916,7282,7891,7247,7891,7247,7916
4495,8009,4495,7987,4461,7987,4461,8009
4497,8496,4497,8449,4462,8449,4462,8496
4496,7782,4496,7755,4461,7755,4461,7782
4496,8380,4496,8334,4463,8334,4463,8380
4497,8611,4497,8565,4463,8565,4463,8611
4496,7805,4496,7782,4461,7782,4461,7805
4496,8037,4496,8010,4461,8010,4461,8038
6651,7917,6651,7895,6615,7895,6615,7917
6650,8375,6650,8330,6615,8330,6615,8375
6651,7895,6651,7868,6615,7868,6615,7895
6651,8607,6651,8561,6615,8561,6615,8607
6650,8033,6650,7986,6614,7986,6614,8033
6650,8149,6650,8101,6614,8101,6614,8149
6651,8723,6651,8679,6616,8679,6616,8723
6650,8491,6650,8445,6614,8445,6614,8491
2753,2966,2739,2966,2739,3119,2753,3119
5164,2770,5128,2770,5128,2829,5164,2829
5007,2775,4962,2775,4962,2829,5007,2829
5357,2787,5313,2787,5313,2822,5357,2822
2754,4114,2740,4114,2740,4266,2754,4266
3211,8385,3211,8339,3175,8339,3175,8385
3212,8618,3212,8572,3175,8573,3175,8618
3210,7924,3210,7880,3174,7880,3174,7924
3211,7808,3211,7765,3175,7765,3175,7808
4906,1746,4872,1746,4872,1804,4906,1804
7129,6468,7099,6468,7099,6516,7129,6516
3308,8502,3308,8455,3273,8455,3273,8503
3308,8270,3308,8243,3272,8243,3272,8271
3308,8242,3308,8220,3272,8220,3272,8242
3307,8148,3307,8105,3273,8105,3273,8148
3310,8735,3310,8688,3274,8688,3274,8735
8567,8031,8555,8031,8555,8089,8567,8089
1192,9271,1180,9271,1180,9388,1192,9388
7373,5351,7322,5351,7322,5380,7373,5380
5901,224,5857,225,5857,635,5901,635
6241,8608,6241,8562,6206,8562,6206,8608
6238,7910,6238,7868,6204,7868,6204,7910
6240,8259,6240,8215,6205,8215,6205,8260
6239,8027,6239,7984,6204,7984,6204,8027
6241,8839,6241,8795,6207,8795,6207,8839
6240,8143,6240,8100,6204,8100,6204,8143
6240,8491,6240,8446,6207,8446,6207,8491
6240,8375,6240,8331,6205,8331,6205,8375
4592,8268,4592,8223,4559,8223,4559,8268
4592,8843,4592,8797,4559,8797,4559,8843
4593,8153,4593,8106,4559,8106,4559,8153
1496,5523,1468,5523,1468,5565,1496,5565
1593,2562,1525,2562,1525,2591,1593,2591
2072,8852,2072,8808,2037,8808,2037,8852
2071,8036,2071,7991,2035,7992,2035,8036
2071,8268,2071,8222,2034,8222,2034,8268
2071,8152,2071,8107,2036,8107,2036,8152
2071,8500,2071,8453,2036,8453,2036,8500
2071,7920,2071,7875,2036,7875,2036,7920
2072,8384,2072,8338,2035,8338,2035,8384
2072,8616,2072,8569,2036,8569,2036,8616
3362,2554,3347,2554,3347,2642,3362,2642
7930,6771,7790,6771,7790,6786,7930,6786
958,8132,958,8109,923,8109,923,8132
957,7808,957,7761,923,7761,923,7808
959,8390,959,8365,924,8365,924,8390
958,8160,958,8132,923,8132,923,8160
959,8617,959,8571,923,8571,923,8617
959,8364,959,8340,923,8340,923,8364
958,7921,958,7877,923,7877,923,7921
2443,5035,2412,5035,2411,5078,2443,5078
4071,228,4027,228,4027,636,4071,636
2558,8034,2558,7991,2523,7991,2523,8034
2557,7918,2557,7875,2521,7875,2521,7918
2559,8504,2559,8479,2523,8479,2523,8504
2558,7808,2558,7758,2523,7758,2523,7808
2559,8478,2559,8452,2523,8452,2523,8478
2941,5716,2915,5716,2915,5854,2941,5854
3396,4128,3383,4128,3383,4216,3396,4216
5008,3923,4964,3923,4964,3977,5008,3977
5360,3934,5314,3934,5314,3969,5360,3969
8685,8699,8644,8699,8644,8757,8685,8757
1583,3755,1564,3755,1564,3784,1583,3784
4506,9176,4461,9176,4461,9765,4506,9765
6483,8375,6483,8331,6447,8331,6447,8375
6483,8606,6483,8561,6447,8561,6447,8607
6482,8258,6482,8215,6448,8215,6448,8258
6483,8491,6483,8445,6448,8445,6448,8491
6483,8844,6483,8797,6448,8798,6448,8844
6482,8142,6482,8099,6447,8100,6447,8142
6482,7917,6482,7875,6449,7875,6449,7917
5850,8265,5850,8217,5815,8217,5815,8266
5851,8730,5851,8682,5815,8682,5815,8730
5850,8150,5850,8101,5814,8101,5814,8150
2754,3350,2740,3350,2740,3503,2754,3503
7012,5435,6999,5435,6999,5588,7012,5588
6565,7006,6534,7006,6534,7049,6565,7049
5801,8238,5801,8216,5766,8216,5766,8238
5801,8498,5801,8450,5766,8450,5766,8498
5801,8143,5801,8101,5765,8101,5765,8143
1629,2180,1611,2180,1611,2209,1629,2209
5577,2175,5549,2175,5549,2219,5577,2219
3064,6374,3022,6374,3022,6406,3064,6406
3130,1761,3117,1761,3117,1845,3130,1845
5005,1966,4960,1966,4960,2021,5005,2021
5357,1980,5312,1980,5312,2013,5357,2013
4954,8261,4954,8217,4919,8217,4919,8261
4954,8377,4954,8333,4920,8333,4920,8377
4954,8146,4954,8102,4918,8102,4918,8146
4955,8493,4955,8448,4920,8448,4920,8493
4953,8029,4953,7986,4918,7987,4918,8029
4955,8726,4955,8682,4920,8682,4920,8726
4956,8610,4956,8564,4920,8564,4920,8610
4954,7916,4954,7870,4919,7871,4919,7916
3017,8271,3017,8244,2981,8244,2981,8271
3017,8243,3017,8220,2981,8221,2981,8244
3018,8846,3018,8800,2982,8800,2982,8846
3016,8149,3016,8105,2981,8105,2981,8149
3016,8503,3016,8457,2980,8457,2980,8503
6531,4824,6471,4824,6471,4863,6531,4863
5355,1261,5310,1261,5310,1299,5355,1299
6287,1255,6239,1255,6239,1290,6287,1290
6834,749,6819,749,6819,779,6834,779
6190,7911,6190,7868,6155,7868,6155,7911
6191,8379,6191,8335,6157,8335,6157,8379
6190,8027,6190,7984,6155,7984,6155,8027
1629,1796,1611,1796,1611,1826,1629,1826
6052,4129,6023,4129,6023,4173,6052,4173
6531,8375,6531,8331,6496,8331,6496,8375
6529,7801,6529,7759,6493,7759,6493,7802
6532,8607,6532,8561,6497,8561,6497,8607
6531,8259,6531,8214,6496,8215,6496,8259
6531,8844,6531,8798,6497,8798,6497,8844
6530,8026,6530,7984,6495,7984,6495,8026
6530,8142,6530,8099,6495,8099,6495,8142
6531,8491,6531,8445,6496,8445,6496,8491
3936,5486,3907,5486,3907,5527,3936,5527
1049,5863,730,5863,730,5909,1049,5909
687,6171,234,6171,234,6212,687,6212
687,6046,234,6046,234,6092,687,6092
687,5922,234,5922,234,5969,687,5969
3816,8496,3816,8450,3782,8450,3782,8496
3815,8031,3815,7988,3781,7989,3781,8031
3817,8617,3817,8571,3782,8571,3782,8617
3420,2171,3406,2171,3406,2259,3420,2259
2120,8616,2120,8569,2083,8569,2083,8616
2120,8384,2120,8338,2084,8338,2084,8384
2120,8499,2120,8453,2086,8453,2086,8499
2120,8134,2120,8107,2083,8107,2083,8134
2120,8158,2120,8134,2083,8134,2083,8158
2119,7919,2119,7875,2084,7875,2084,7920
2119,7805,2119,7759,2084,7759,2084,7805
3807,1227,3778,1227,3778,1267,3807,1267
3761,5953,3709,5953,3709,5985,3761,5985
4407,1199,4393,1199,4393,1288,4407,1288
3602,8502,3602,8454,3566,8454,3566,8502
3599,7807,3599,7785,3564,7786,3564,7807
3600,7923,3600,7879,3564,7879,3564,7923
3599,7785,3599,7756,3564,7756,3564,7785
1628,1413,1611,1413,1611,1444,1628,1444
5004,8732,5004,8684,4969,8684,4969,8732
5002,7804,5002,7760,4966,7760,4966,7805
5003,8146,5003,8102,4967,8102,4967,8146
5003,8493,5003,8448,4968,8448,4968,8493
5003,8378,5003,8333,4968,8333,4968,8378
5003,8609,5003,8564,4969,8564,4969,8609
5001,8029,5001,7986,4966,7986,4966,8029
5003,8262,5003,8217,4968,8217,4968,8262
4368,2568,4339,2568,4339,2615,4368,2615
5920,1801,5908,1801,5908,1899,5920,1899
3532,5578,3482,5578,3482,5608,3532,5608
5585,7798,5585,7753,5550,7753,5550,7798
5586,8493,5586,8447,5550,8447,5550,8493
5585,8035,5585,7986,5550,7986,5550,8035
5585,8377,5585,8332,5550,8332,5550,8377
5585,8151,5585,8103,5550,8103,5550,8151
5586,8608,5586,8563,5550,8563,5550,8608
5585,7919,5585,7874,5550,7874,5550,7919
7693,8726,7693,8680,7657,8680,7657,8726
7692,8373,7692,8329,7657,8329,7657,8373
7690,8031,7690,7984,7655,7984,7655,8031
7690,8099,7655,8099,7655,8147,7690,8147
1861,5038,1831,5038,1831,5079,1861,5079
2470,5376,2442,5376,2442,5416,2470,5416
2265,5037,2235,5037,2235,5078,2265,5078
461,8017,413,8017,413,8049,461,8049
7061,7215,7029,7215,7029,7257,7061,7257
2837,5170,2823,5170,2823,5305,2837,5305
5899,8730,5899,8683,5864,8683,5864,8730
5899,8237,5899,8216,5863,8216,5863,8237
5899,8265,5899,8238,5863,8238,5863,8265
5898,8142,5898,8100,5863,8101,5863,8142
5898,8607,5898,8562,5864,8562,5864,8607
5576,1406,5547,1406,5547,1454,5576,1454
1806,8016,1806,7992,1772,7992,1772,8016
1806,8043,1806,8017,1772,8017,1772,8043
1806,7811,1806,7785,1771,7785,1771,7811
1806,7785,1806,7759,1772,7759,1772,7785
1807,8617,1807,8569,1773,8569,1773,8618
1806,8388,1806,8344,1772,8344,1772,8388
6026,224,5982,224,5982,634,6026,634
4050,5033,4021,5033,4021,5074,4050,5074
5684,8730,5684,8683,5648,8683,5648,8730
5683,8151,5683,8102,5647,8102,5647,8151
1711,8037,1711,7992,1675,7992,1675,8037
1712,8621,1712,8577,1674,8577,1674,8621
1711,8132,1711,8108,1677,8108,1677,8132
1709,7811,1709,7785,1673,7785,1673,7811
1709,7785,1709,7760,1673,7760,1673,7785
1711,8158,1711,8131,1677,8132,1677,8158
1711,8273,1711,8228,1676,8228,1676,8274
1711,8388,1711,8343,1674,8343,1674,8388
4122,5678,4093,5678,4093,5723,4122,5723
1826,6920,1797,6920,1797,6967,1826,6967
6796,8490,6796,8445,6761,8445,6761,8490
6797,8611,6797,8566,6761,8566,6761,8611
6795,8025,6795,7983,6760,7983,6760,8025
1339,5050,1308,5050,1308,5089,1339,5089
318,7003,288,7003,288,7050,318,7050
8567,8344,8556,8344,8556,8403,8567,8403
1324,836,1296,836,1296,850,1324,850
1548,3373,1478,3373,1478,3402,1548,3402
1607,3415,1570,3415,1570,3664,1607,3664
1651,2223,1617,2223,1617,2472,1651,2472
1649,1458,1615,1458,1615,1705,1649,1705
1651,1840,1615,1840,1615,2088,1651,2088
1605,3032,1568,3032,1568,3280,1605,3280
4407,1585,4394,1585,4394,1670,4407,1670
3407,8496,3407,8450,3371,8451,3371,8496
3407,8612,3407,8567,3372,8567,3372,8613
3405,8381,3405,8336,3370,8336,3370,8381
3405,8030,3405,7989,3370,7989,3370,8030
3407,8729,3407,8685,3372,8685,3372,8729
3406,8264,3406,8220,3370,8220,3370,8264
3406,8148,3406,8105,3371,8105,3371,8148
3405,7808,3405,7764,3371,7764,3371,7808
8627,8699,8613,8699,8613,8757,8627,8757
1453,7247,1426,7247,1426,7396,1453,7396
1629,2562,1611,2562,1611,2591,1629,2591
3692,9262,3678,9262,3678,9378,3692,9378
6289,8608,6289,8562,6255,8562,6255,8608
6287,7911,6287,7868,6252,7868,6252,7911
6288,8149,6288,8123,6253,8123,6253,8150
6290,8491,6290,8446,6254,8446,6254,8491
6288,8122,6288,8100,6253,8100,6253,8122
6288,8027,6288,7984,6253,7984,6253,8027
6291,8724,6291,8680,6255,8680,6255,8725
6289,8376,6289,8331,6254,8331,6254,8376
2461,8384,2461,8338,2425,8338,2425,8384
2461,8616,2461,8568,2426,8568,2426,8616
2460,8041,2460,7993,2425,7993,2425,8042
2460,8157,2460,8109,2425,8109,2425,8157
2460,7925,2460,7879,2424,7879,2424,7925
2462,8500,2462,8452,2426,8452,2426,8500
5922,2567,5908,2567,5908,2664,5922,2664
3866,8495,3866,8450,3830,8450,3830,8495
3863,7807,3863,7762,3828,7763,3828,7807
3864,8380,3864,8335,3830,8335,3830,8380
3864,8031,3864,7988,3830,7988,3830,8031
3866,8612,3866,8566,3830,8566,3830,8612
3864,8263,3864,8219,3830,8219,3830,8263
3865,8848,3865,8802,3831,8802,3831,8848
3864,8147,3864,8104,3829,8104,3829,8147
5457,4151,5403,4151,5403,4180,5457,4180
2266,8615,2266,8569,2232,8569,2232,8615
2266,7925,2266,7900,2231,7900,2231,7925
2267,8268,2267,8222,2231,8222,2231,8268
2266,8151,2266,8107,2231,8107,2231,8151
2266,8499,2266,8452,2231,8453,2231,8499
2267,8852,2267,8808,2232,8808,2232,8852
2266,8384,2266,8338,2231,8338,2231,8384
2266,7899,2266,7875,2231,7875,2231,7899
1929,6753,1884,6753,1884,6781,1929,6781
1615,8621,1615,8577,1578,8578,1578,8621
1612,7927,1612,7900,1576,7900,1576,7927
1613,8363,1613,8339,1579,8339,1579,8363
1614,8388,1614,8364,1577,8364,1577,8388
1614,8159,1614,8133,1579,8133,1579,8159
1612,7899,1612,7876,1576,7876,1576,7899
1614,8132,1614,8108,1579,8108,1579,8132
3554,8502,3554,8455,3517,8455,3517,8502
3552,8385,3552,8338,3517,8338,3517,8385
3551,7807,3551,7785,3516,7785,3516,7807
3552,7923,3552,7879,3516,7879,3516,7923
3551,7785,3551,7756,3516,7756,3516,7785
2365,8732,2365,8687,2329,8687,2329,8732
6143,8608,6143,8562,6108,8562,6108,8608
6143,8150,6143,8122,6107,8122,6107,8150
6143,8122,6143,8100,6107,8100,6107,8122
6143,8492,6143,8446,6107,8446,6107,8492
6142,8375,6142,8331,6108,8331,6108,8375
7703,4696,7686,4696,7686,4793,7703,4793
4061,8501,4061,8455,4026,8455,4026,8501
4058,7806,4058,7762,4022,7762,4022,7806
4058,7922,4058,7878,4023,7878,4023,7922
1547,2989,1477,2989,1477,3019,1547,3019
4906,2128,4872,2128,4872,2186,4906,2186
5357,1645,5311,1645,5311,1678,5357,1678
6281,1638,6239,1638,6239,1671,6281,1671
2746,769,2733,769,2733,797,2746,797
7642,8025,7642,7982,7606,7982,7606,8025
1978,5038,1947,5038,1947,5078,1978,5078
3004,6374,2954,6374,2954,6406,3004,6406
3806,9341,3759,9341,3759,9372,3806,9372
3357,8381,3357,8336,3321,8336,3321,8381
3357,8148,3357,8105,3321,8105,3321,8148
3357,8613,3357,8567,3323,8567,3323,8613
3356,7923,3356,7880,3320,7880,3320,7923
3357,8264,3357,8220,3322,8220,3322,8264
3358,8497,3358,8451,3322,8451,3322,8497
7752,6575,7703,6575,7703,6606,7752,6606
1581,2989,1564,2989,1564,3019,1581,3019
3507,9241,3494,9241,3494,9357,3507,9357
7142,7151,7114,7151,7114,7195,7142,7195
6286,2403,6239,2403,6239,2436,6286,2436
5358,2411,5312,2411,5312,2447,5358,2447
6963,4751,6901,4751,6901,4792,6963,4792
5708,4981,5677,4981,5677,5024,5708,5024
7040,8728,7040,8680,7004,8680,7004,8728
7039,8235,7039,8214,7004,8214,7004,8235
7038,8032,7038,7983,7002,7983,7002,8033
7039,8263,7039,8235,7004,8235,7004,8263
5415,9123,5373,9123,5373,9154,5415,9154
8821,5180,8618,5180,8618,5193,8821,5193
3293,2927,3279,2927,3279,3059,3293,3059
4912,3700,4874,3700,4874,3759,4912,3759
6338,8607,6338,8562,6304,8562,6304,8607
6336,7911,6336,7868,6300,7868,6300,7911
6338,8149,6338,8122,6302,8122,6302,8149
6338,8121,6338,8100,6302,8100,6302,8121
6338,8491,6338,8445,6303,8446,6303,8491
6338,8724,6338,8680,6304,8680,6304,8724
6338,8376,6338,8331,6302,8331,6302,8376
3626,2373,3609,2373,3609,2505,3626,2505
6408,9103,6365,9103,6365,9721,6408,9721
6531,9103,6484,9103,6484,9721,6531,9721
7331,7915,7331,7872,7296,7872,7296,7915
7330,8353,7330,8329,7294,8329,7294,8353
7330,8605,7330,8560,7294,8560,7294,8605
7330,8377,7330,8354,7295,8354,7295,8377
7329,8032,7329,7984,7294,7984,7294,8032
7329,8147,7329,8100,7294,8100,7294,8148
3639,5314,3609,5314,3609,5360,3639,5360
1564,8037,1564,7992,1530,7992,1530,8037
1565,8621,1565,8576,1531,8576,1531,8621
1563,7811,1563,7786,1526,7786,1526,7811
1563,7785,1563,7760,1527,7760,1527,7785
1565,8388,1565,8345,1531,8345,1531,8388
7201,4723,7138,4723,7138,4761,7201,4761
5360,3600,5313,3600,5313,3635,5360,3635
6289,3592,6243,3592,6243,3628,6289,3628
6047,1790,6016,1790,6016,1834,6047,1834
7982,8118,7982,8097,7948,8097,7948,8118
7983,8680,7947,8680,7947,8726,7983,8726
7982,8119,7948,8119,7948,8148,7982,8148
7987,8784,7935,8784,7935,8825,7987,8825
7817,6575,7770,6575,7770,6606,7817,6606
3418,1405,3406,1405,3406,1494,3418,1494
2753,8736,2753,8688,2717,8689,2717,8736
7544,8121,7509,8121,7509,8147,7544,8147
7076,5172,7030,5172,7030,5204,7076,5204
6045,7918,6045,7873,6009,7873,6009,7918
6045,8034,6045,7986,6010,7986,6010,8034
6046,8491,6046,8446,6010,8446,6010,8491
6046,8150,6046,8103,6010,8103,6010,8150
6046,8376,6046,8331,6010,8331,6010,8376
6046,8608,6046,8562,6010,8562,6010,8608
2509,8041,2509,7993,2473,7993,2473,8041
2509,8157,2509,8109,2474,8110,2474,8157
2510,8731,2510,8686,2474,8686,2474,8731
2509,8383,2509,8337,2474,8337,2474,8383
2018,7191,2003,7191,2003,7318,2018,7318
5579,2982,5550,2982,5550,3026,5579,3026
6887,6988,6851,6988,6851,7034,6887,7034
4857,8152,4857,8125,4821,8125,4821,8152
4857,8124,4857,8102,4821,8102,4821,8124
4857,8615,4857,8569,4822,8569,4822,8615
4857,8494,4857,8448,4822,8448,4822,8494
4856,8379,4856,8333,4821,8333,4821,8379
4856,7920,4856,7875,4821,7875,4821,7920
4856,7800,4856,7754,4821,7754,4821,7800
4332,1637,4317,1637,4317,1726,4332,1726
4807,8152,4807,8125,4773,8125,4773,8152
4808,8494,4808,8448,4773,8448,4773,8494
4807,7920,4807,7895,4772,7895,4772,7920
4808,8379,4808,8333,4773,8334,4773,8379
4808,8727,4808,8682,4774,8682,4774,8727
4807,8125,4807,8102,4773,8102,4773,8125
4807,7895,4807,7871,4772,7871,4772,7895
4808,8609,4808,8564,4774,8564,4774,8610
1455,5049,1426,5049,1426,5091,1455,5091
1359,7247,1347,7247,1347,7394,1359,7394
1696,5051,1666,5051,1666,5089,1696,5089
6289,3977,6243,3977,6243,4011,6289,4011
5360,3982,5314,3982,5314,4017,5360,4017
1516,4983,1485,4983,1485,5027,1516,5027
6990,8489,6990,8444,6955,8444,6955,8489
6989,8263,6989,8217,6954,8217,6954,8263
6990,8560,6955,8560,6955,8605,6990,8605
6989,8148,6989,8121,6954,8121,6954,8148
6990,7798,6990,7750,6955,7751,6955,7798
6989,8025,6989,7983,6954,7983,6954,8025
6989,8120,6989,8099,6954,8099,6954,8120
2756,7239,2742,7239,2742,7375,2756,7375
6094,4981,6064,4981,6064,5024,6094,5024
6887,6922,6851,6922,6851,6969,6887,6969
475,7130,445,7130,445,7185,475,7185
4008,5033,3978,5033,3978,5074,4008,5074
4944,3536,4900,3536,4900,3593,4944,3593
7088,7916,7088,7872,7052,7872,7052,7916
7088,8495,7088,8448,7052,8448,7052,8495
7089,7800,7089,7757,7053,7757,7053,7800
6995,6932,6938,6932,6938,6974,6995,6974
8268,9403,8222,9403,8222,9780,8268,9780
8145,9403,8093,9403,8093,9780,8145,9780
5924,3373,5910,3373,5910,3471,5924,3471
5005,2349,4960,2349,4960,2403,5005,2403
5356,2361,5312,2361,5312,2396,5356,2396
2274,9737,2274,9183,2228,9183,2228,9737
7932,8025,7932,7982,7898,7982,7898,8025
7934,8119,7934,8097,7899,8097,7899,8119
7934,8262,7934,8215,7898,8216,7898,8262
7935,8376,7935,8332,7899,8332,7899,8376
7934,7799,7934,7754,7898,7754,7898,7799
7934,8119,7899,8119,7899,8148,7934,8148
7934,8605,7934,8559,7900,8559,7900,8605
4641,8500,4641,8456,4606,8456,4606,8500
4641,8146,4641,8103,4606,8103,4606,8146
4641,8268,4641,8242,4606,8242,4606,8268
4642,8242,4642,8218,4606,8218,4606,8242
4642,8847,4642,8803,4606,8803,4606,8847
1006,7921,1006,7877,971,7877,971,7921
1006,7808,1006,7761,971,7761,971,7808
1008,8617,1008,8571,973,8571,973,8618
1008,8160,1008,8132,971,8132,971,8160
1008,8132,1008,8109,972,8109,972,8132
1007,8038,1007,7993,972,7993,972,8038
1006,8275,1006,8228,972,8228,972,8275
1007,8390,1007,8344,973,8344,973,8390
8596,8503,8583,8503,8583,8559,8596,8559
4942,2775,4898,2775,4898,2829,4942,2829
3065,8729,3065,8685,3029,8685,3029,8729
3065,8149,3065,8105,3029,8105,3029,8149
3065,8271,3065,8243,3029,8243,3029,8271
3065,8243,3065,8220,3029,8220,3029,8243
3065,8503,3065,8457,3029,8457,3029,8503
5634,8259,5634,8216,5598,8216,5598,8259
5634,8498,5634,8452,5598,8452,5598,8498
5632,8143,5632,8101,5598,8101,5598,8143
5634,8376,5634,8332,5599,8332,5599,8376
7201,6776,7163,6776,7163,6812,7201,6812
4122,5743,4093,5743,4093,5788,4122,5788
7185,8489,7185,8444,7150,8444,7150,8489
7185,8372,7185,8329,7150,8329,7150,8372
7184,8605,7184,8560,7150,8560,7150,8605
7184,8148,7184,8120,7149,8120,7149,8148
7184,7777,7184,7750,7150,7750,7150,7777
7185,7800,7185,7778,7149,7778,7149,7800
7184,8024,7184,7983,7149,7983,7149,8024
7184,8120,7184,8098,7149,8098,7149,8120
1055,7928,1055,7903,1019,7903,1019,7928
1055,8362,1055,8340,1020,8340,1020,8362
1055,7903,1055,7877,1019,7877,1019,7903
1055,8389,1055,8363,1021,8363,1021,8390
1056,8617,1056,8571,1021,8571,1021,8617
4574,228,4528,228,4528,637,4574,637
5100,8145,5100,8102,5064,8102,5064,8145
5100,8267,5100,8241,5064,8241,5064,8267
5100,8726,5100,8682,5066,8682,5066,8726
5100,8609,5100,8564,5066,8564,5066,8609
5100,8241,5100,8217,5064,8217,5064,8241
4011,8473,4011,8449,3977,8450,3977,8473
4011,8501,4011,8473,3977,8473,3977,8501
4906,8494,4906,8448,4871,8448,4871,8494
4907,8615,4907,8569,4871,8569,4871,8615
4906,7920,4906,7874,4869,7875,4869,7920
3260,8503,3260,8455,3225,8455,3225,8503
3260,8381,3260,8336,3225,8336,3225,8381
3260,8845,3260,8800,3225,8800,3225,8845
3259,8265,3259,8220,3224,8220,3224,8265
3259,8148,3259,8105,3224,8105,3224,8148
5688,1419,5673,1419,5673,1528,5688,1528
7347,6162,7317,6162,7317,6207,7347,6207
2656,7807,2656,7758,2619,7758,2619,7807
4452,2904,4439,2904,4439,3002,4452,3002
4943,3157,4899,3157,4899,3211,4943,3211
318,7070,288,7070,288,7113,318,7113
6844,8490,6844,8445,6809,8445,6809,8490
6844,8264,6844,8218,6808,8218,6808,8264
6843,8148,6843,8122,6809,8122,6809,8148
6846,7916,6846,7873,6810,7873,6810,7916
6845,7799,6845,7751,6810,7751,6810,7799
6845,8606,6845,8561,6810,8561,6810,8606
6844,8121,6844,8099,6808,8099,6808,8121
2585,769,2572,769,2572,797,2585,797
5358,2837,5312,2837,5312,2871,5358,2871
1593,1796,1524,1796,1524,1826,1593,1826
2919,8382,2919,8337,2884,8337,2884,8382
2919,8265,2919,8221,2884,8221,2884,8265
2919,8615,2919,8567,2884,8567,2884,8615
2919,7924,2919,7896,2883,7896,2883,7924
2920,8846,2920,8800,2885,8800,2885,8846
2919,8149,2919,8106,2884,8106,2884,8149
2919,7896,2919,7874,2883,7874,2883,7896
2919,8499,2919,8451,2884,8451,2884,8499
1309,6845,1280,6845,1280,6889,1309,6889
4544,3737,4529,3737,4529,3825,4544,3825
4107,8154,4107,8127,4073,8127,4073,8154
4107,8127,4107,8104,4073,8104,4073,8127
4109,8496,4109,8449,4074,8449,4074,8496
4108,8382,4108,8335,4073,8335,4073,8382
4109,8616,4109,8571,4074,8571,4074,8617
4940,1584,4896,1584,4896,1639,4940,1639
3454,8360,3454,8336,3419,8336,3419,8360
3456,8612,3456,8566,3420,8567,3420,8612
3453,7923,3453,7879,3418,7879,3418,7923
3455,8385,3455,8361,3419,8361,3419,8385
3454,7805,3454,7757,3419,7757,3419,7806
4300,7803,4300,7755,4265,7755,4265,7803
4304,8501,4304,8456,4270,8456,4270,8501
4908,2511,4874,2511,4874,2568,4908,2568
2409,5728,2379,5728,2379,5772,2409,5772
5868,762,5856,762,5856,792,5868,792
3779,4056,3765,4056,3765,4187,3779,4187
3504,8385,3504,8338,3468,8338,3468,8385
3505,8502,3505,8455,3470,8455,3470,8502
3501,7923,3501,7896,3466,7896,3466,7923
3502,7896,3502,7873,3466,7873,3466,7896
3502,7805,3502,7756,3467,7757,3467,7805
2326,5037,2294,5037,2294,5077,2326,5077
542,8367,499,8367,499,8399,543,8399
2765,5760,2752,5760,2752,5860,2765,5860
747,7867,716,7867,716,7911,747,7911
587,8007,557,8007,557,8055,587,8055
8565,7720,8554,7720,8554,7778,8565,7778
3769,8734,3769,8687,3733,8687,3733,8734
3768,8496,3768,8450,3733,8450,3733,8496
3767,8379,3767,8335,3732,8335,3732,8379
3768,8611,3768,8566,3732,8566,3732,8611
3766,8039,3766,7989,3732,7989,3732,8039
3766,8154,3766,8106,3732,8106,3732,8155
7787,8141,7787,8097,7752,8097,7752,8141
7788,8494,7788,8448,7754,8448,7754,8494
7788,8257,7788,8212,7753,8212,7753,8257
3423,3746,3409,3746,3409,3834,3423,3834
3360,1790,3347,1790,3347,1877,3360,1877
7299,5016,7268,5016,7268,5055,7299,5055
4398,7803,4398,7755,4363,7755,4363,7803
4400,8495,4400,8449,4365,8449,4365,8495
4400,8616,4400,8571,4365,8571,4365,8616
4399,8381,4399,8334,4366,8334,4366,8381
4399,8153,4399,8127,4363,8128,4363,8153
4399,8127,4399,8103,4363,8103,4363,8127
976,7265,964,7265,964,7413,976,7413
4942,2349,4898,2349,4898,2403,4942,2403
6051,3363,6020,3363,6020,3408,6051,3408
7593,8120,7593,8097,7558,8098,7558,8120
7593,8262,7593,8215,7558,8215,7558,8262
7595,7915,7595,7871,7559,7871,7559,7915
7593,8120,7558,8120,7558,8147,7593,8147
7593,7797,7593,7749,7559,7750,7559,7797
7593,8605,7593,8559,7559,8559,7559,8605
7595,8377,7595,8333,7559,8333,7559,8377
4254,8383,4254,8340,4220,8340,4220,8383
4253,7784,4253,7755,4217,7755,4217,7784
4255,8501,4255,8455,4219,8455,4219,8501
4253,8031,4253,7988,4218,7988,4218,8032
4253,7806,4253,7784,4217,7785,4217,7806
2968,8736,2968,8688,2934,8688,2934,8736
2968,8382,2968,8337,2933,8337,2933,8382
2967,8265,2967,8221,2933,8221,2933,8265
2967,8149,2967,8105,2932,8106,2932,8149
2968,8503,2968,8457,2932,8457,2932,8503
6699,8374,6699,8330,6664,8330,6664,8374
6696,7801,6696,7758,6663,7758,6663,7801
6700,8728,6700,8681,6664,8681,6664,8728
6698,8149,6698,8122,6663,8122,6663,8149
6699,8607,6699,8561,6664,8561,6664,8607
6698,8122,6698,8099,6663,8099,6663,8122
6698,8490,6698,8445,6663,8445,6663,8490
2743,232,2696,232,2696,640,2743,640
7680,5334,7667,5334,7667,5412,7680,5412
4576,767,4565,767,4565,795,4576,795
4543,1417,4527,1417,4527,1505,4543,1505
4232,7575,4186,7575,4186,7648,4232,7648
7628,5197,7570,5197,7570,5260,7628,5260
3647,7807,3647,7763,3612,7763,3612,7807
3649,8617,3649,8569,3615,8569,3615,8617
7910,5427,7831,5427,7831,5442,7910,5442
5360,3217,5311,3217,5311,3254,5360,3254
6286,3210,6243,3210,6243,3243,6286,3243
7136,8489,7136,8444,7101,8444,7101,8489
7136,8372,7136,8329,7100,8330,7100,8372
7136,8032,7136,8005,7100,8005,7100,8032
7137,7777,7137,7750,7101,7750,7101,7777
7136,8605,7136,8560,7101,8560,7101,8605
7136,7800,7136,7777,7101,7777,7101,7800
7135,8004,7135,7983,7101,7983,7101,8004
3027,4971,2997,4971,2997,5014,3027,5014
5536,8260,5536,8216,5502,8216,5502,8260
5536,7798,5536,7753,5503,7753,5503,7798
5537,8144,5537,8101,5502,8101,5502,8144
5537,8492,5537,8447,5503,8447,5503,8492
5536,8377,5536,8332,5503,8332,5503,8377
5538,8608,5538,8563,5503,8563,5503,8608
5537,7914,5537,7869,5503,7870,5503,7914
460,7330,415,7330,415,7361,460,7361
1759,8131,1759,8108,1723,8108,1723,8131
1760,8388,1760,8365,1723,8365,1723,8388
1758,7921,1758,7876,1724,7876,1724,7921
1760,8364,1760,8339,1724,8339,1724,8364
1758,8158,1758,8132,1723,8132,1723,8158
1760,8618,1760,8569,1725,8569,1725,8618
2752,1774,2738,1774,2738,1927,2752,1927
2218,8615,2218,8569,2183,8569,2183,8616
2218,8500,2218,8453,2182,8453,2182,8500
2218,8129,2218,8107,2182,8107,2182,8129
2217,8384,2217,8338,2182,8338,2182,8384
2218,8157,2218,8129,2182,8129,2182,8158
2218,8737,2218,8691,2183,8691,2183,8737
2218,7810,2218,7764,2182,7764,2182,7810
762,697,231,697,231,746,762,746
7650,5334,7602,5334,7602,5412,7650,5412
7061,7148,7029,7148,7029,7196,7061,7196
5358,2030,5312,2030,5312,2060,5358,2060
4546,8475,4546,8449,4511,8449,4511,8475
4543,7781,4543,7755,4510,7755,4510,7781
4544,8031,4544,7987,4509,7987,4509,8031
4543,7805,4543,7782,4510,7782,4510,7805
4546,8500,4546,8476,4510,8476,4510,8500
909,8132,909,8109,875,8109,875,8132
911,8734,911,8689,875,8689,875,8734
908,8160,908,8133,876,8133,876,8160
911,8507,911,8461,875,8461,875,8507
909,8275,909,8229,875,8229,875,8275
1593,2180,1524,2180,1524,2209,1593,2209
6029,762,6016,762,6016,791,6029,791
3162,8381,3162,8336,3126,8336,3126,8381
3163,8614,3163,8567,3128,8567,3128,8614
3161,8127,3161,8105,3127,8105,3127,8127
3163,7808,3163,7765,3128,7765,3128,7808
3161,8156,3161,8128,3127,8128,3127,8156
3162,8498,3162,8451,3128,8451,3128,8498
5295,8499,5295,8452,5260,8452,5260,8499
5294,8144,5294,8101,5259,8102,5259,8145
5295,8726,5295,8682,5260,8682,5260,8726
5294,8261,5294,8217,5259,8217,5259,8261
3782,5061,3753,5061,3753,5105,3782,5105
7417,5854,7386,5854,7386,5894,7417,5894
5694,3756,5678,3756,5678,3863,5694,3863
5353,1211,5310,1211,5310,1246,5353,1246
5004,1201,4960,1201,4960,1255,5004,1255
1467,8622,1467,8577,1432,8577,1432,8622
1466,7921,1466,7876,1431,7877,1431,7921
1466,8389,1466,8347,1432,8347,1432,8389
1466,8036,1466,7992,1431,7993,1431,8036
1322,8622,1322,8577,1285,8577,1285,8622
1321,8132,1321,8108,1286,8108,1286,8132
1322,8389,1322,8366,1286,8366,1286,8389
1320,7923,1320,7877,1284,7877,1284,7923
1323,8365,1323,8339,1286,8340,1286,8365
1321,8159,1321,8134,1286,8134,1286,8159
1320,8037,1320,7993,1286,7993,1286,8037
1320,7807,1320,7760,1285,7760,1285,7807
7585,5334,7570,5334,7570,5412,7585,5412
6408,6373,6366,6373,6366,6402,6408,6402
4544,1790,4528,1790,4528,1881,4544,1881
3195,7455,3182,7455,3182,7588,3195,7588
5947,7912,5947,7869,5912,7869,5912,7912
5947,8259,5947,8215,5912,8216,5912,8259
5947,8142,5947,8100,5912,8100,5912,8142
5947,8490,5947,8446,5912,8446,5912,8490
5947,8375,5947,8332,5912,8332,5912,8375
5947,8608,5947,8562,5911,8562,5911,8608
2753,2159,2740,2159,2740,2310,2753,2310
1225,8389,1225,8343,1187,8343,1187,8389
1224,8622,1224,8576,1189,8576,1189,8622
1223,8035,1223,7993,1187,7993,1187,8035
3853,2934,3824,2934,3824,2978,3853,2978
7233,8140,7233,8098,7198,8098,7198,8140
7233,8489,7233,8444,7198,8444,7198,8489
7234,7892,7234,7867,7199,7867,7199,7892
7233,8372,7233,8329,7198,8329,7198,8372
7233,8256,7233,8213,7198,8213,7198,8256
7234,7916,7234,7893,7199,7893,7199,7916
7233,8605,7233,8560,7199,8560,7199,8605
7234,8837,7234,8793,7199,8793,7199,8837
3397,3364,3383,3364,3383,3452,3397,3452
3133,5289,3103,5289,3103,5335,3133,5335
7299,4946,7268,4946,7268,4992,7299,4992
8062,4722,8031,4722,8031,4770,8062,4770
2705,8614,2705,8568,2669,8568,2669,8614
2705,8731,2705,8686,2669,8686,2669,8731
2703,8150,2703,8106,2667,8106,2667,8150
2704,8498,2704,8452,2669,8452,2669,8499
2704,8382,2704,8337,2669,8337,2669,8382
3133,2527,3118,2527,3118,2611,3133,2611
2149,5037,2120,5037,2120,5077,2149,5077
6387,8376,6387,8331,6351,8331,6351,8376
6387,8491,6387,8445,6351,8445,6351,8491
6387,8607,6387,8561,6352,8561,6352,8607
6385,7917,6385,7872,6349,7872,6349,7917
6386,8034,6386,7986,6350,7986,6350,8034
6388,8839,6388,8794,6353,8794,6353,8839
6386,8149,6386,8102,6351,8102,6351,8149
8567,8187,8555,8187,8555,8245,8567,8245
4906,1362,4872,1362,4872,1419,4906,1419
810,8045,810,8017,776,8017,776,8045
812,8618,812,8571,777,8571,777,8618
811,7921,811,7878,776,7878,776,7921
810,8016,810,7994,776,7994,776,8016
811,8390,811,8345,777,8345,777,8390
1069,7265,1056,7265,1056,7413,1069,7413
2169,8616,2169,8569,2134,8569,2134,8616
2169,8268,2169,8222,2133,8222,2133,8268
2169,8847,2169,8802,2134,8802,2134,8847
2169,8107,2133,8107,2133,8152,2169,8152
2169,8500,2169,8453,2134,8453,2134,8500
2167,7926,2167,7879,2132,7879,2132,7926
2169,8384,2169,8338,2133,8338,2133,8384
2169,7810,2169,7764,2133,7764,2133,7810
4908,3317,4874,3317,4874,3377,4908,3377
2412,7925,2412,7897,2376,7898,2376,7925
2412,7897,2412,7875,2376,7875,2376,7897
2413,8478,2413,8452,2377,8452,2377,8478
2411,7807,2411,7758,2376,7758,2376,7807
2413,8504,2413,8478,2377,8478,2377,8504
7810,5163,7778,5163,7778,5210,7810,5210
1583,3373,1564,3373,1564,3402,1583,3402
6942,8490,6942,8444,6906,8444,6906,8490
6942,8374,6942,8330,6907,8330,6907,8374
6941,8005,6941,7983,6906,7983,6906,8005
6942,8560,6906,8561,6906,8606,6942,8606
6941,8033,6941,8006,6906,8006,6906,8033
6942,7801,6942,7758,6907,7759,6907,7801
5008,3157,4963,3157,4963,3211,5008,3211
5357,3168,5313,3168,5313,3203,5357,3203
4908,2935,4874,2935,4874,2993,4908,2993
1417,7927,1417,7880,1381,7880,1381,7927
1417,7811,1417,7786,1382,7786,1382,7811
1420,8389,1420,8365,1384,8365,1384,8389
1418,8365,1418,8339,1384,8339,1384,8365
1419,8619,1419,8570,1384,8570,1384,8619
1417,7786,1417,7760,1382,7760,1382,7786
5690,2184,5677,2184,5677,2292,5690,2292
1661,8132,1661,8108,1626,8108,1626,8132
1662,7926,1662,7880,1625,7880,1625,7927
1661,8388,1661,8364,1627,8364,1627,8388
1661,8362,1661,8339,1627,8339,1627,8363
1661,8158,1661,8132,1626,8133,1626,8159
1660,7811,1660,7765,1625,7765,1625,7811
1662,8619,1662,8570,1627,8570,1627,8619
7376,8024,7376,7982,7342,7982,7342,8025
7378,8120,7378,8098,7342,8098,7342,8120
7378,8490,7378,8444,7343,8444,7343,8490
7377,8374,7377,8329,7343,8329,7343,8374
7378,8147,7378,8120,7343,8120,7343,8147
7378,8610,7378,8566,7344,8566,7344,8610
7379,7684,7379,7620,7344,7621,7344,7684
4037,765,4025,765,4025,794,4037,794
3630,4969,3600,4969,3600,5040,3630,5040
4001,5947,3970,5947,3970,5999,4001,5999
4538,3000,4525,3000,4525,3086,4538,3086
3309,5359,3281,5359,3281,5400,3309,5400
393,7744,341,7744,341,7775,393,7775
2751,1393,2736,1393,2736,1545,2751,1545
6148,5047,6119,5047,6119,5087,6148,5087
5925,4138,5913,4138,5913,4238,5925,4238
3615,3978,3601,3978,3601,4113,3615,4113
7427,7915,7427,7872,7391,7872,7391,7915
7426,8377,7426,8353,7391,8353,7391,8377
1958,5662,1931,5662,1931,5704,1958,5704
1516,5049,1485,5049,1485,5089,1516,5089
6136,5936,6106,5936,6106,5979,6136,5979
4759,8268,4759,8239,4725,8239,4725,8268
4758,8146,4758,8102,4725,8102,4725,8146
4758,7801,4758,7754,4724,7754,4724,7801
4760,8610,4760,8564,4726,8564,4726,8610
4759,8239,4759,8217,4725,8218,4725,8239
7300,9212,7282,9212,7282,9329,7300,9329
5624,9574,5605,9574,5605,9688,5624,9688
1404,9258,1384,9258,1384,9386,1404,9386
794,9557,662,9557,662,9578,794,9578
1945,9239,1925,9239,1925,9354,1945,9354
2673,9285,2655,9285,2655,9412,2673,9412
8821,5211,8618,5211,8618,5247,8821,5247
4638,1410,4599,1410,4599,1456,4638,1456
8812,4875,8708,4875,8708,4921,8812,4921
6593,9103,6546,9103,6546,9721,6593,9721
6469,9103,6423,9103,6423,9721,6469,9721
6338,9281,6299,9281,6299,9669,6338,9669
5247,9253,5204,9253,5204,9327,5247,9327
4567,9176,4521,9176,4521,9765,4567,9765
4175,9329,4107,9329,4107,9372,4175,9372
4269,9152,4235,9152,4235,9366,4269,9366
3874,9151,3827,9151,3827,9329,3874,9329
3746,9262,3707,9262,3707,9378,3746,9378
3832,2151,3794,2151,3794,2215,3832,2215
3732,2150,3687,2150,3687,2215,3732,2215
3538,1707,3499,1707,3499,1771,3538,1771
7341,9212,7300,9212,7300,9329,7341,9329
8205,9403,8163,9403,8163,9780,8205,9780
8076,9403,8029,9403,8029,9780,8076,9780
8353,9337,8045,9337,8045,9375,8353,9375
3840,1282,3801,1282,3801,1389,3840,1389
3207,1088,3152,1088,3152,1157,3207,1157
5086,7238,5043,7238,5043,7300,5086,7300
1658,7551,1607,7551,1607,7622,1658,7622
2928,232,2883,232,2883,640,2928,640
2805,232,2757,232,2757,640,2805,640
2557,232,2511,232,2511,640,2557,640
4009,228,3963,228,3963,636,4009,636
3886,228,3837,228,3837,637,3886,637
8854,7695,8812,7695,8812,7875,8854,7875
6857,226,6811,226,6811,631,6857,631
1477,237,1434,237,1434,644,1477,644
7941,6633,7846,6633,7846,6672,7941,6672
7183,4174,7116,4174,7116,4268,7183,4268
8839,6067,8798,6067,8798,6374,8839,6374
6917,6443,6867,6443,6867,6498,6917,6498
7015,6331,6970,6331,6970,6371,7015,6371
7829,5601,7775,5601,7775,5640,7829,5640
3833,4056,3795,4056,3795,4187,3833,4187
3585,3978,3545,3978,3545,4113,3585,4113
3806,2851,3763,2851,3763,2917,3806,2917
7699,4939,7653,4939,7653,5002,7699,5002
7582,4918,7540,4918,7540,4981,7582,4981
6633,5183,6589,5183,6589,5297,6633,5297
4642,3748,4604,3748,4604,3792,4642,3792
1563,6031,1516,6031,1516,6123,1563,6123
3566,5449,3526,5449,3526,5564,3566,5564
6489,4982,6433,4982,6433,5148,6488,5148
5716,225,5667,225,5667,634,5716,634
5839,225,5793,225,5793,635,5839,635
2446,9208,2405,9208,2405,9715,2446,9715
2208,7588,2163,7588,2163,7653,2208,7653
2097,7587,2052,7587,2052,7653,2097,7653
1239,7579,1199,7579,1199,7653,1239,7653
1347,7578,1302,7578,1302,7653,1347,7653
1542,7550,1502,7550,1502,7622,1542,7622
394,6742,300,6742,300,6783,394,6783
687,6108,234,6108,234,6154,687,6154
687,5984,234,5984,234,6031,687,6031
687,5860,234,5860,234,5907,687,5907
5748,4386,5726,4386,5726,4572,5748,4572
2336,9737,2336,9183,2288,9183,2288,9737
2212,9737,2212,9183,2166,9183,2166,9737
7845,7542,7808,7542,7808,7609,7845,7609
2433,232,2388,232,2388,640,2433,640
5567,9281,5529,9281,5529,9437,5567,9437
6981,226,6936,226,6936,631,6981,631
2827,4011,2787,4011,2787,4090,2827,4090
2827,3630,2788,3630,2788,3708,2827,3708
2827,3247,2787,3247,2787,3325,2827,3325
2827,2863,2786,2863,2786,2941,2827,2941
2827,2437,2786,2437,2786,2515,2827,2515
2825,2054,2786,2054,2786,2133,2825,2133
2826,1673,2785,1673,2785,1749,2826,1749
2822,1290,2784,1290,2784,1368,2822,1368
1354,237,1308,237,1308,644,1354,644
1229,237,1184,237,1184,644,1229,644
2011,5472,1971,5472,1971,5543,2011,5543
2024,5158,1986,5158,1986,5285,2024,5285
2073,7191,2033,7191,2033,7318,2073,7318
2563,7208,2523,7208,2523,7292,2563,7292
3139,6067,3101,6067,3101,6156,3139,6156
5100,6863,5061,6863,5061,6958,5100,6958
1004,7579,959,7579,959,7653,1004,7653
1110,7579,1069,7579,1069,7653,1110,7653
894,7579,852,7579,852,7653,894,7653
1038,7265,994,7265,994,7413,1038,7413
6609,7579,6541,7579,6541,7645,6609,7645
6716,7579,6671,7579,6671,7645,6716,7645
5870,5895,5822,5895,5822,5937,5870,5937
4636,228,4589,228,4589,637,4636,637
4760,228,4714,228,4714,637,4760,637
2811,5508,2772,5508,2772,5583,2811,5583
325,8019,236,8019,236,8057,325,8057
3450,7223,3409,7223,3409,7312,3450,7312
5410,5502,5369,5502,5369,5554,5410,5554
4818,4784,4769,4784,4769,4845,4818,4845
4823,4373,4771,4373,4771,4563,4823,4563
6087,224,6043,224,6043,634,6087,634
6214,223,6166,223,6166,633,6214,633
1778,5468,1733,5468,1733,5562,1778,5562
2664,5178,2617,5178,2617,5276,2664,5276
4642,3366,4603,3366,4603,3411,4642,3411
1621,4801,1564,4801,1564,4863,1621,4863
3578,3293,3537,3293,3537,3361,3578,3361
3864,3278,3824,3278,3824,3346,3864,3346
4640,2170,4600,2170,4600,2215,4640,2215
4638,1785,4600,1785,4600,1830,4638,1830
4301,1637,4260,1637,4260,1726,4301,1726
2080,572,2036,572,2036,927,2080,927
3284,570,3238,570,3238,925,3284,925
3533,569,3487,569,3487,925,3533,925
1956,530,1934,530,1934,927,1956,927
3407,528,3364,528,3364,925,3407,925
7370,564,7325,564,7325,918,7370,918
2317,919,2316,919,2316,962,2356,962
1832,572,1787,572,1787,927,1832,927
992,6415,954,6415,954,6456,992,6456
5114,567,5068,567,5068,922,5114,922
6566,563,6520,563,6520,920,6566,920
5237,521,5193,521,5193,922,5237,922
3102,9128,3063,9128,3063,9168,3102,9168
2484,9097,2421,9097,2421,9138,2484,9138
872,6656,828,6656,828,6695,872,6695
1049,5924,730,5924,730,5970,1049,5970
1049,5805,730,5805,730,5846,1049,5846
1123,4213,952,4213,952,4252,1123,4252
1123,3719,953,3719,953,3759,1123,3759
1123,3313,846,3313,846,3354,1123,3354
1123,2817,844,2817,844,2858,1123,2858
1123,2727,950,2727,950,2767,1123,2767
1122,2321,845,2321,845,2361,1123,2361
1120,1734,949,1734,949,1774,1120,1774
1118,1329,842,1329,842,1369,1118,1369
1118,1232,809,1232,809,1273,1118,1273
1241,3900,1197,3900,1197,3940,1241,3940
1239,3518,1195,3518,1195,3557,1239,3557
1237,3137,1195,3137,1195,3175,1237,3175
1285,2326,1241,2326,1241,2365,1285,2365
1285,1944,1239,1944,1239,1983,1285,1983
1285,1560,1239,1560,1239,1601,1285,1601
1120,1823,844,1823,844,1865,1121,1865
5363,566,5317,566,5317,922,5363,922
6680,521,6644,521,6644,920,6680,920
1123,3810,847,3810,847,3848,1123,3848
1123,3223,953,3223,953,3263,1123,3263
1934,530,1910,530,1910,927,1934,927
1122,2231,950,2231,950,2270,1122,2270
6025,2573,6025,2446,6040,2446,6040,2573
4180,1031,4180,1005,4309,1005,4309,1031
8587,6126,8587,6063,8603,6063,8603,6126
8403,6126,8403,6062,8422,6062,8422,6126
8634,6125,8634,6063,8652,6063,8652,6125
5407,3402,5407,3254,5423,3254,5423,3402
7970,6964,7970,6945,8037,6945,8037,6964
5559,3765,5559,3620,5574,3620,5574,3765
3736,1399,3736,1252,3751,1252,3751,1399
2214,1456,2214,1309,2229,1309,2229,1456
6751,4631,6751,4613,6826,4613,6826,4631
8011,6897,8011,6880,8075,6880,8075,6897
2913,3697,2913,3493,2926,3493,2926,3697
7796,4384,7796,4300,7814,4300,7814,4384
2912,2126,2912,1918,2924,1918,2924,2126
2913,2514,2913,2303,2925,2303,2925,2514
8354,8740,8354,8722,8568,8722,8568,8740
8735,6087,8735,6025,8755,6025,8755,6087
3539,1083,3539,1066,4106,1066,4106,1083
3654,5333,3654,5161,3670,5161,3670,5333
2236,4030,2236,4176,2218,4176,2218,4030
5556,2191,5556,2048,5573,2048,5573,2191
5175,954,5175,512,5193,512,5193,954
6028,4147,6028,4018,6045,4018,6045,4147
3785,1399,3785,1252,3801,1252,3801,1399
2215,2219,2215,2073,2231,2073,2231,2219
7709,8999,7709,9045,7650,9045,7650,8999
508,8595,712,8595,712,8611,508,8611
5556,1428,5556,1279,5571,1279,5571,1428
3331,9424,3331,9404,3551,9404,3551,9424
4188,9142,4188,9255,4170,9255,4170,9142
1600,4026,1600,4174,1584,4174,1584,4026
1285,874,1285,850,1366,850,1366,874
3868,5486,3868,5464,3944,5464,3944,5486
2116,7014,2116,6994,2194,6994,2194,7014
461,8090,461,8010,483,8010,483,8090
462,8634,462,8551,484,8551,484,8634
2911,1747,2911,1540,2924,1540,2924,1747
2913,3319,2913,3112,2926,3112,2926,3319
2599,9198,2599,9093,2617,9093,2617,9198
2217,3413,2217,3265,2234,3265,2234,3413
7636,6747,7636,6731,7700,6731,7700,6747
5409,4167,5409,4019,5425,4019,5425,4167
1900,6763,1900,6904,1883,6904,1883,6763
1592,7649,1592,7541,1607,7541,1607,7649
1160,822,1160,852,1040,852,1040,822
1893,959,1893,519,1910,519,1910,959
2217,3030,2217,2883,2233,2883,2233,3030
4685,5032,4685,5010,4765,5010,4765,5032
4670,5032,4598,5032,4598,5010,4670,5010
4483,5032,4483,5010,4555,5010,4555,5032
4324,5033,4250,5033,4250,5010,4324,5010
4088,5033,3965,5033,3965,5012,4088,5012
4827,5032,4827,5008,4904,5008,4904,5032
4916,5031,4916,5008,4992,5008,4992,5031
5033,5031,5033,5010,5107,5010,5107,5031
5179,5031,5179,5010,5252,5010,5252,5031
5410,5030,5410,5008,5484,5008,5484,5030
3807,5033,3807,5012,3883,5012,3883,5033
2987,5036,2987,5014,3064,5014,3064,5036
2867,5036,2867,5014,2943,5014,2943,5036
2750,5035,2750,5013,2825,5013,2825,5035
2634,5036,2634,5014,2709,5014,2709,5036
2519,5036,2519,5014,2594,5014,2594,5036
2404,5035,2404,5014,2477,5014,2477,5035
2286,5037,2286,5014,2360,5014,2360,5037
2200,5037,2200,5014,2273,5014,2273,5037
8383,6432,8383,6409,8521,6409,8521,6432
8545,8619,8564,8619,8564,8699,8545,8699
1535,5565,1535,5587,1453,5587,1453,5565
4410,5032,4336,5032,4336,5010,4410,5010
5295,5031,5295,5008,5368,5008,5368,5031
7249,4241,7249,4163,7269,4163,7269,4241
7248,3858,7248,3781,7267,3781,7267,3858
7249,3474,7249,3400,7266,3400,7266,3474
7245,2665,7245,2592,7265,2592,7265,2665
7244,1901,7244,1826,7264,1826,7264,1901
7244,1520,7244,1444,7263,1444,7263,1520
1706,5026,1706,5051,1630,5051,1630,5026
7244,2284,7244,2209,7263,2209,7263,2284
1465,5028,1465,5049,1390,5049,1390,5028
746,9254,746,9231,671,9231,671,9254
6302,5024,6302,5047,6227,5047,6227,5024
393,7394,393,7321,415,7321,415,7394
7246,3092,7246,3017,7267,3017,7267,3092
2159,5015,2159,5037,2085,5037,2085,5015
2013,5015,2013,5038,1938,5038,1938,5015
1897,5016,1897,5038,1821,5038,1821,5016
1551,5027,1551,5049,1478,5049,1478,5027
1349,5027,1349,5050,1275,5050,1275,5027
5570,5025,5570,5048,5497,5048,5497,5025
5629,5024,5629,5048,5780,5048,5780,5024
6185,5024,6185,5047,6056,5047,6056,5024
8556,6430,8556,6409,8804,6409,8804,6430
7313,7639,7313,7537,7329,7537,7329,7639
2914,4085,2914,3877,2927,3877,2927,4085
2676,9151,2676,9136,2745,9136,2745,9151
5873,5449,5873,5374,5892,5374,5892,5449
6627,951,6627,509,6644,509,6644,951
7738,5968,7738,5953,7875,5953,7875,5968
6023,1809,6023,1683,6040,1683,6040,1809
5247,9246,5262,9246,5262,9357,5247,9357
2214,1838,2214,1692,2230,1692,2230,1838
5557,3000,5557,2851,5574,2851,5574,3000
2218,3793,2218,3646,2234,3646,2234,3793
2913,2934,2913,2686,2925,2686,2925,2934
8099,6127,8099,6063,8116,6063,8116,6127
6476,6146,6476,5942,6493,5942,6493,6146
8192,8862,8192,8842,8263,8842,8263,8862
1956,957,1956,517,1972,517,1972,957
3985,7180,3985,7150,4050,7150,4050,7180
5308,9128,5308,9336,5291,9336,5291,9128
8220,6126,8220,6062,8239,6062,8239,6126
3407,956,3407,514,3425,514,3425,956
8466,6126,8466,6062,8484,6062,8484,6126
7742,8999,7800,8999,7800,9044,7742,9044
6026,3383,6026,3253,6043,3253,6043,3383
5605,5251,5605,5167,5623,5167,5623,5251
3045,9206,3045,9116,3063,9116,3063,9206
3346,957,3346,515,3364,515,3364,957
8283,6126,8283,6063,8300,6063,8300,6126
2215,2602,2215,2456,2231,2456,2231,2602
5237,954,5237,512,5255,512,5255,954
4180,1074,4180,1048,4309,1048,4309,1074
5363,7370,5363,7346,5664,7346,5664,7370
4996,6865,4996,6840,5233,6840,5233,6865
4763,6414,4763,6386,5072,6386,5072,6414
7799,1295,7799,1166,7824,1166,7824,1295
7808,776,7808,996,7836,996,7836,776
4465,7513,4465,7541,4330,7541,4330,7513
5833,1071,5833,1047,6480,1047,6480,1071
5778,6368,5778,6342,6048,6342,6048,6368
5270,2542,5270,2513,5417,2513,5417,2542
8165,5701,8165,5224,8189,5224,8189,5701
7673,3219,7673,3186,7786,3186,7786,3219
4211,1006,4211,1032,2611,1033,2611,1007
5728,7096,5728,7072,5834,7072,5834,7096
2289,5976,2289,5951,3464,5951,3464,5973
1953,6289,1953,6264,2324,6264,2324,6289
5735,7370,5735,7346,5938,7346,5938,7370
6179,2165,6179,2131,6301,2131,6301,2165
3357,2681,3357,2656,3819,2656,3819,2681
8561,4544,8587,4544,8590,5942,8564,5942
7925,9155,7925,9129,8028,9129,8028,9155
6330,5444,6330,5420,6560,5420,6560,5444
2401,6289,2401,6264,3765,6262,3765,6287
1624,6601,1624,6577,2055,6577,2055,6601
5273,2968,5273,2938,5417,2938,5417,2968
3273,4212,3273,4187,3721,4187,3721,4212
8431,4587,8457,4587,8460,5942,8434,5942
7670,2271,7670,2243,7791,2243,7791,2271
5150,5204,5150,5181,5358,5181,5358,5204
4878,5858,4878,5886,4723,5886,4723,5858
8028,5633,8028,4800,8054,4800,8054,5633
7816,7285,7816,6103,7838,6103,7838,7285
3493,7234,3493,7210,4717,7208,4717,7232
7090,6280,7090,6254,7339,6254,7339,6280
8121,5016,8121,4729,8144,4729,8144,5016
6180,2547,6180,2514,6302,2514,6302,2547
5272,3731,5272,3702,5419,3702,5419,3731
4237,1435,4237,1410,4399,1410,4399,1435
4249,6193,4249,6169,4707,6169,4707,6193
7335,7343,7335,6649,7359,6649,7359,7343
649,6976,649,6950,1194,6950,1194,6976
5859,6148,5859,6121,6186,6121,6186,6148
6922,6609,6922,6862,6898,6862,6898,6609
5746,6031,5746,6057,2776,6062,2776,6036
1379,7420,1379,7448,1113,7448,1113,7420
1965,6375,1965,6350,2509,6350,2509,6375
1988,6990,1988,7018,1845,7018,1845,6990
6870,5714,6870,5687,7014,5687,7014,5714
3022,965,3022,991,2879,991,2879,965
7845,5600,7845,5238,7875,5238,7875,5600
3172,2482,3172,2457,3350,2457,3350,2482
5624,4110,5624,4079,5774,4079,5774,4110
5125,1072,5125,1047,5793,1047,5793,1072
7214,5074,7214,5050,7821,5050,7821,5074
7712,4892,7712,4867,7872,4867,7872,4892
3751,3447,3751,3421,3892,3421,3892,3447
6365,6257,6365,6281,3788,6286,3788,6262
1440,7213,1440,7240,885,7240,885,7213
2829,1873,2829,1849,3575,1849,3575,1873
2829,3065,2829,3040,3111,3040,3111,3065
6354,7542,6354,7516,6543,7516,6543,7542
2227,7016,2227,6992,2981,6992,2981,7016
3031,6557,3031,6532,3157,6532,3157,6557
1175,745,1175,720,4377,716,4377,741
1218,1060,1218,849,1246,849,1246,1060
3746,989,3746,964,3887,964,3887,989
3251,3673,3251,3648,3584,3648,3584,3673
6591,5440,6591,5414,6774,5414,6774,5440
6640,6299,6640,6323,3577,6330,3577,6305
4635,5973,4635,5947,4945,5947,4945,5973
3048,6971,3048,6947,3793,6947,3793,6971
2829,2256,2829,2231,3110,2231,3110,2256
6181,3356,6181,3323,6303,3323,6303,3356
5834,1115,5834,1088,6605,1088,6605,1115
6183,4121,6183,4085,6305,4085,6305,4121
6961,978,6961,952,7110,952,7110,978
2625,2159,2625,2129,2740,2129,2740,2159
1085,6118,1085,6255,1053,6255,1053,6118
6481,6194,6481,6168,6743,6168,6743,6194
8633,7566,8633,8077,8608,8077,8608,7566
5421,5643,5421,5670,4342,5672,4342,5645
2836,5169,2836,5142,3018,5142,3018,5169
7670,2028,7670,1996,7780,1996,7780,2028
1767,7476,1767,7508,1663,7508,1663,7476
3249,2908,3249,2884,3604,2884,3604,2908
2503,5994,2503,6018,2404,6018,2404,5994
7425,6963,7425,6585,7451,6585,7451,6963
3129,2256,3129,2231,3597,2231,3597,2256
7759,2702,7759,2492,7783,2492,7783,2702
5269,1775,5269,1747,5417,1747,5417,1775
4171,9400,4171,9427,3516,9427,3516,9400
3363,9402,3363,9428,3268,9428,3268,9402
3254,3422,3254,3447,2828,3447,2828,3422
3359,3291,3359,3265,3598,3265,3598,3291
1483,7238,1483,7213,2336,7213,2336,7238
1315,5449,1315,5424,1567,5424,1567,5449
3174,3291,3174,3266,3340,3266,3340,3291
1571,3451,1571,3225,1599,3225,1599,3451
1620,2641,1620,2415,1645,2415,1645,2641
1620,2259,1620,2033,1645,2033,1645,2259
1617,1876,1617,1651,1644,1651,1644,1876
1617,1495,1617,1269,1644,1269,1644,1495
8696,8475,8696,7781,8719,7781,8719,8475
5156,5797,5156,5772,6054,5772,6054,5797
2435,965,2435,991,2294,991,2294,965
5335,7096,5335,7072,5710,7072,5710,7096
7243,7059,7243,6830,7269,6830,7269,7059
3128,1491,3128,1466,3355,1466,3355,1491
7128,5628,7128,5601,7244,5601,7244,5628
3636,1873,3636,1847,3860,1847,3860,1873
7553,5945,7680,5945,7680,5972,7553,5972
5576,985,5576,960,5717,960,5717,985
3883,7311,3883,7337,3679,7337,3679,7311
2791,5759,2791,5734,3437,5734,3437,5759
2642,5168,2816,5168,2816,5143,2642,5143
3037,6826,3037,6801,3895,6801,3895,6826
2764,6038,2764,6063,2257,6063,2257,6038
2528,6558,2528,6526,2681,6526,2681,6558
7710,3779,7710,3748,7815,3748,7815,3779
4455,2594,4455,2563,4572,2563,4572,2594
3972,5799,3972,5775,4719,5775,4719,5799
5837,6055,5837,6030,6021,6030,6021,6055
4781,6156,4781,6123,4949,6123,4949,6156
4008,5861,4008,5889,3577,5889,3577,5861
4951,6368,4951,6343,5760,6343,5760,6368
1045,4390,1039,819,1063,819,1069,4390
2541,6417,2541,6390,2780,6390,2780,6417
7685,6484,7685,6172,7709,6172,7709,6484
2828,3830,2828,3805,3113,3805,3113,3830
8162,4773,8164,5179,8190,5179,8188,4773
2836,7549,2836,7523,3383,7523,3383,7549
2752,5735,2752,5759,2106,5759,2106,5735
4274,4015,4274,3985,4369,3985,4369,4015
6845,6341,6845,6366,6062,6366,6062,6341
1834,7314,1834,7341,1565,7341,1565,7314
2494,5606,2494,5631,1759,5631,1759,5606
8695,7756,8695,7567,8721,7567,8721,7756
2184,6576,2184,6601,2074,6601,2074,6576
6637,5972,6637,5948,6826,5948,6826,5972
3132,3829,3132,3805,3595,3805,3595,3829
7070,6986,7094,6986,7094,7113,7070,7113
6938,6058,6938,6033,7268,6033,7268,6058
8125,6433,8125,6399,8588,6399,8588,6433
8648,4501,8673,4501,8676,5941,8650,5941
4113,7123,4113,7149,3406,7149,3406,7123
2188,5309,2188,5284,4601,5279,4601,5305
6774,6280,6774,6253,7058,6253,7058,6280
2844,6464,2844,6440,2992,6440,2992,6464
2350,6155,2350,6130,2879,6130,2879,6155
6182,3738,6182,3705,6305,3705,6305,3738
3130,3065,3130,3040,3366,3040,3366,3065
6163,986,6163,959,6307,959,6307,986
8474,4589,8500,4589,8503,5942,8477,5942
8192,4209,8192,3815,8288,3815,8288,4209
8078,5259,8078,5078,8102,5078,8102,5259
4840,4313,4840,4340,4244,4340,4244,4313
3297,2615,3297,2640,2828,2640,2828,2615
7996,8930,7995,7648,8020,7648,8021,8930
7771,7249,7771,6102,7794,6102,7794,7249
3031,6459,3031,6435,3420,6435,3420,6459
4448,6797,4448,6824,3922,6824,3922,6797
2479,6391,2479,6418,2318,6418,2318,6391
4514,6841,4514,6867,4342,6867,4342,6841
6786,9651,6786,9678,6656,9678,6656,9651
649,6832,649,6803,999,6803,999,6832
4711,987,4711,961,4851,961,4851,987
3841,2777,3841,2753,6606,2748,6606,2773
6630,1112,6630,1087,6724,1087,6724,1112
6731,712,6731,736,4433,740,4433,716
7710,6500,7710,7249,7686,7249,7686,6500
3300,4341,3300,4318,3735,4318,3735,4341
2627,4117,2627,4086,2742,4086,2742,4117
3128,5446,3128,5421,3688,5421,3688,5446
5621,3345,5621,3314,5771,3314,5771,3345
5269,1396,5269,1364,5415,1364,5415,1396
4410,6388,4410,6416,4146,6416,4146,6388
3247,2099,3247,2074,3582,2074,3582,2099
5409,5222,5409,5198,6133,5198,6133,5222
2537,6017,2537,5993,3000,5993,3000,6017
3240,1335,3240,1309,3551,1309,3551,1335
2628,3734,2628,3703,2743,3703,2743,3734
3802,2481,3802,2457,4522,2457,4522,2481
4688,5861,4688,5886,4046,5886,4046,5861
5065,5972,5065,5945,5195,5945,5195,5972
5098,5773,5098,5798,4941,5798,4941,5773
5271,2159,5271,2130,5417,2130,5417,2159
3536,6555,3536,6530,3760,6530,3760,6555
1471,993,1471,965,1614,965,1614,993
2827,1491,2827,1466,3109,1466,3109,1491
2628,3351,2628,3320,2741,3320,2741,3351
4088,5166,4088,5137,4256,5137,4256,5166
4233,6937,4233,6971,3888,6971,3888,6937
996,6891,996,6919,720,6919,720,6891
372,8205,372,7961,398,7961,398,8205
3360,2779,3360,2754,3617,2754,3617,2779
4255,6663,4255,6695,4427,6695,4427,6663
502,6725,502,7477,476,7477,476,6725
997,6848,997,6876,649,6876,649,6848
2339,5422,2339,5447,1876,5447,1876,5422
6654,6324,6654,6299,7084,6299,7084,6324
8058,6474,8058,6354,8083,6354,8083,6474
5921,7096,5921,7071,6125,7071,6125,7096
4220,7584,4220,7618,3948,7618,3948,7584
7404,5247,7404,5222,7609,5222,7609,5247
6179,1782,6179,1749,6301,1749,6301,1782
3172,1717,3172,1692,3779,1692,3779,1717
7667,5912,7667,5638,7693,5638,7693,5912
7403,5382,7403,5352,7635,5352,7635,5382
5274,3348,5274,3322,5396,3322,5396,3348
5440,5669,5440,5643,5678,5643,5678,5669
2624,1396,2624,1363,2739,1363,2739,1396
3176,4057,3176,4031,3341,4031,3341,4057
7292,7332,7292,7225,7317,7225,7317,7332
6020,4603,6020,4577,6201,4577,6201,4603
3458,2482,3458,2456,3570,2456,3570,2482
2625,1776,2625,1746,2738,1746,2738,1776
2830,4212,2830,4189,3255,4189,3255,4212
3359,4056,3359,4030,4148,4030,4148,4056
6177,1393,6177,1366,6312,1366,6312,1393
2542,5447,2542,5421,2929,5421,2929,5447
2792,1076,2792,1052,4212,1049,4212,1073
4274,1074,4274,1048,4946,1048,4946,1074
5059,1115,5059,1090,5793,1090,5793,1115
2628,2967,2628,2937,2740,2937,2740,2967
3717,5444,3717,5420,4013,5420,4013,5444
7727,7250,7727,6103,7752,6103,7752,7250
5556,4337,5556,4313,5940,4313,5940,4337
4934,5884,4934,5860,6382,5857,6382,5882
1292,7018,1292,6992,1761,6992,1761,7018
5273,4115,5273,4086,5397,4086,5397,4115
